2147483647C
0 0
3469 1
3474 1
4334 1
-4421 -1
7518 1
7628 1
-7776 -1
37599 1
37361 1
-76132 -2
9653 1
-9855 -1
8178 1
-8360 -1
8357 1
-8531 -1
8590 1
-8772 -1
7944 1
-8118 -1
9469 1
-9667 -1
7362 1
7364 1
6151 1
-6303 -1
6151 1
-6303 -1
7536 1
-7706 -1
8046 1
-8226 -1
6658 1
-6817 -1
5042 1
-5138 -1
4981 1
-5132 -1
6658 1
-6817 -1
6658 1
-6817 -1
6658 1
-6817 -1
6658 1
-6817 -1
8976 1
-9168 -1
6732 1
-6892 -1
8644 1
-8822 -1
8545 1
-8729 -1
8574 1
-8750 -1
8073 1
-8246 -1
8337 1
-8510 -1
6744 1
-6855 -1
8260 1
-8410 -1
39128 1
38633 1
9986 1
12591 1
-102789 -4
12007 1
-12261 -1
12131 1
-12386 -1
14762 1
-15042 -1
5657 1
-5770 -1
13638 1
-13914 -1
8045 1
-8201 -1
